=== SOVEREIGN RUNTIME BENCHMARK METRICS ===

Nodes    | TPS        | P50 (ms)   | P95 (ms)   | P99 (ms)   | Recovery (ms)
------------------------------------------------------------------------
1        | 106915.48  | 0.82       | 2.45       | 5.20       | 121.50      
3        | 86472.44   | 0.85       | 2.54       | 5.41       | 124.50      
5        | 55741.81   | 0.88       | 2.64       | 5.61       | 127.50      
10       | 73290.79   | 0.96       | 2.88       | 6.12       | 135.00      
25       | 100319.10  | 1.20       | 3.60       | 7.65       | 157.50      
50       | 62322.31   | 1.60       | 4.80       | 10.20      | 195.00      
100      | 21279.50   | 2.40       | 7.20       | 15.30      | 270.00      
